index1=1+[443 601 188 592 263 171 517 40 722 21 657 35 83 259 628 696 509 16 434 756 465 654 695 591 190 401 183 205 383 659 99 444 641 119 152 574 405 667 585 214 382 211 215 493 745 390 276 639 617 124 69 436 533 46 380 675 353 761 303 343 438 234 250 522 615 480 189 141 147 416 645 153 544 396 209 442 549 470 682 622 680 446 395 321 402 19 372 340 606 625 139 327 527 323 73 583 547 607 500 526 264 95 633 342 289 80 603 356 599 637 92 671 630 650 216 240 72 519 537 691 373 364 363 712 484 6 514 580 709 485 257 145 558 672 114 743 593 157 529 313 564 150 81 664 595 710 708 282 730 307 683 94 26 117 74 523 377 346 126 86 634 496 195 87 647 237 374 534 701 175 329 497 271 418 425 270 468 765 749 498 616 441 275 127 403 25 510 424 571 461 676 316 300 596 386 421 389 208 561 17 334 267 230 269 559 311 555 492 30 302 482 258 308 518 467 453 285 732 110 290 243 260 233 727 735 96 541 108 315 556 648 376 85 121 394 429 224 199 142 605 718 393 232 531 477 91 295 351 120 88 249 198 332 521 227 562 261 225 464 608 548 445 107 166 136 535 724 489 337 685 65 15 569 513 542 158 76 8 604 23 602 277 388 447 228 111 662 584 666 407 298 154 245 487 610 367 507 437 552 58 750 297 79 357 660 646 113 575 677 112 644 326 235 280 164 34 170 499 135 268 105 590 417 703 362 31 194 36 471 217 550 62 725 502 28 643 291 89 746 766 713 22 39 115 366 629 462 12 328 702 450 705 301 68 64 557 488 278 700 47 661 758 414 54 238 281 506 384 378 668 728 155 406 75 360 723 4 397 420 515 736 202 60 116 938 767 1315 825 827 1202 1490 795 1226 1139 1048 1058 809 1328 804 1396 1357 1458 840 952 834 1045 1200 1305 1383 934 950 1128 1374 1274 1454 846 893 1361 1233 1246 1155 1457 899 953 931 1043 1496 813 1212 1003 1236 1099 1487 948 805 1182 1206 792 1397 1192 1304 855 1534 1459 1215 1307 1170 865 1368 1352 1440 1160 1164 1076 1403 1119 1344 926 770 1480 1367 1509 1494 1062 1137 1070 1060 1407 818 1267 1074 1258 1287 1250 822 1420 1100 1519 1165 894 1175 932 863 881 1264 906 1484 1042 1312 999 1204 801 1298 911 826 1533 1398 819 1277 1485 989 1345 959 879 1302 1001 1166 915 1322 922 835 1210 967 914 1232 1474 965 1151 1171 1141 790 943 1483 1505 1466 1012 1442 787 1134 1376 1248 974 1354 1239 997 829 966 980 1084 962 1414 1461 1057 985 1399 1272 1073 888 1147 1362 1481 828 1327 1149 794 1016 954 1089 1101 821 1295 1219 1037 887 1445 1341 1082 1338 824 1230 1227 1032 1289 1228 775 1085 773 1334 1532 971 918 1065 1075 1410 1110 806 1009 1495 1167 1449 1028 797 786 996 1433 1275 927 1040 1066 1260 1380 983 1381 1029 1265 1256 856 1520 1462 1467 1358 1184 1241 1426 1090 1425 1229 1253 836 820 1077 1198 1235 951 785 776 1006 1054 909 1486 1046 1515 1308 1122 1234 1514 832 1503 990 769 992 1224 1286 1500 1366 1285 874 1069 1255 1452 1502 1488 978 907 1348 788 1018 1523 1168 1332 1154 901 1434 1208 1111 1203 1417 771 1394 866 1263 1325 973 1094 859 1511 1409 1034 1052 1209 1355 1106 774 981 1477 1472 1031 1050 1117 1196 1337 1107 882 1115 1225 1191 1195 1528 1473 1471 902 1468 1416 1047 976 895 1245 1097 919 1456 1377 994 793 1162 1104 1353 1201 900 1243 802 963 1193 830 1190 1479 1299 1446 808 1418 892 1516 860 1506 1129 1068 1411 1163 1092 1489 1217 903 885 917 910 852 873 872 1278 1213 1372 1293 1321 1055 964 1044 1113 1064 890 1319 924 1393 868 810 1123 1441 1036 1501 1282 2011 2249 3007 1551 1749 1719 2597 2998 1788 2754 2172 1895 2483 2214 1583 2140 3178 1756 2103 2323 1559 1630 1621 2118 2355 2122 2542 2332 3015 1655 2041 2876 1997 2639 2095 3157 3041 2056 2958 3026 2718 3126 1560 2319 1709 1656 2253 2808 2369 1755 2018 2143 3080 2774 2509 2904 1966 2782 1650 2609 2634 2946 2661 3032 2755 1757 1917 1944 2149 1933 2944 1991 2349 2362 2393 2183 2260 3008 1973 2993 2598 3053 1784 2939 3159 2429 2887 2495 1567 1840 2629 2354 3031 2218 1773 1774 2292 1543 1631 2451 3025 2875 2137 1736 2882 2770 2248 2045 2305 2555 1876 2318 1687 2013 2033 1929 2689 1979 2119 2592 1587 2777 2386 2192 1613 1869 2422 1610 2892 2099 3123 2113 2562 1718 1734 2765 2721 2926 2128 2413 2964 1844 2322 2704 2951 2957 3074 2626 3117 2517 1893 2308 2279 2187 3156 1692 2895 1568 1954 1854 3018 1653 2840 2962 2364 2779 2674 1684 2635 2762 3180 1636 2725 1710 2239 1780 1592 2333 1930 2157 1883 2953 2584 1604 2368 2406 1983 2520 1781 1609 1792 2341 2394 2490 1612 1802 2982 2000 2134 1920 2743 1995 1884 1722 2816 2066 1821 2748 2960 2529 2158 1779 1861 2083 1906 2057 1582 1980 3017 2496 2161 1659 2304 1701 2466 2789 1790 1635 2709 3078 2302 1798 1769 3043 2191 1996 2262 2196 2894 2607 3172 2054 2896 2213 2757 2221 2525 2065 2367 2024 2506 1834 2002 2678 2328 3073 2870 3089 2943 2691 2299 2815 1707 3143 1993 2663 1820 1934 2371 3027 2051 2817 1597 3072 1879 2404 2604 2254 1746 1870 1862 1936 2096 2489 3104 2878 2301 1969 2637 3049 2586 2821 2461 2701 2176 2285 2735 2412 2166 1982 2379 3149 2468 2397 1584 3163 2793 2049 2036 2521 3188 2031 2167 1644 1846 2068 2973 2288 2078 1540 2240 2795 2759 2330 1664 2069 1674 3042 2771 2714 1662 1950 2667 2246 2738 2818 3155 2395 2105 2055 2423 1679 2436 1586 2094 1602 2599 1562 2295 2697 1956 3077 2145 2168 2619 3169 2477 2016 3005 1750 2085 1824 2382 1871 2692 1911 2100 1593 1565 2775 2435 1686 3154 2780 3150 2226 2108 1859 2683 2533 2485 2632 2202 2591 2695 3082 1721 2820 2933 1772 2334 2361 2872 2344 2954 2290 2291 2510 2616 2838 1629 1643 2595 3111 2914 1667 2427 1816 2676 2799 1892 2657 1617 3040 3057 2911 1599 2121 1547 1595 2067 1693 2431 2831 2115 2359 2325 2985 2822 1827 2460 3103 2811 1598 3144 1940 2839 2487 2303 2596 3132 1943 1935 2625 2773 1878 2073 2101 1931 2001 2188 2705 1726 1953 2421 1903 1549 2467 2097 3101 3167 2652 1557 2740 2189 1836 2851 2643 2170 2403 2445 2007 1990 2983 2481 2745 1626 2205 2177 1754 2005 2267 2564 2715 2546 3119 2042 2087 1669 2222 1984 2378 2866 2848 1694 2331 2132 1952 1880 1697 1891 2326 2255 2400 1548 2144 1789 2316 2089 2032 2803 3173 1904 1732 2455 2366 1605 2849 1762 2398 2357 1838 2854 2208 2027 1986 2185 1826 2297 2664 2270 2380 1961 1579 1590 1618 2432 2195 2638 2459 2193 2028 2444 1558 1706 2711 2358 2070 2531 2443 2847 1791 1657 2910 2401 2433 2217 2047 1968 1922 1555 2719 3044 2696 2633 2040 1682 1900 2936 2360 2662 1847 2722 1765 3085 2532 2703 2117 1716 2945 1875 1611 2941 2201 2807 3131 2605 2374 2614 3067 2611 1580 3187 2482 1848 1535 3039 2310 2963 2198 1778 2025 1658 2425 2688 1813 2644 2081 1852 2493 2646 2225 2396 1874 1858 2243 1828 2014 2708 2623 2353 2075 2038 1967 2763 1729 1831 2416 2917 1588 2628 2835 1818 2967 2551 2130 3004 2940 1624 2110 2905 1589 1908 2164 2538 1797 1926 3036 1541 1572 2475 2133 2702 1916 2090 2076 3129 2448 2039 2698 2289 1767 2392 2925 2456 1663 2928 1964 1633 1747 2909 2712 1713 3090 1825 2415 2265 2859 2806 2539 3177 2151 2913 1751 2552 2077 1965 2912 3113 1887 1815 1890 2723 2311 1975 2125 2474 1564 1677 2518 2694 1910 3153 2589 2321 2744 3138 1700 2618 2877 2384 2568 3016 2938 1733 2174 2350 2677 2012 2376 2131 2313 2274 2796 1596 2620 2837 2858 2010 3009 1581 2284 2966 1691 3105 2127 2569 3061 2720 2440 1899 3006 2734 1717 1708 3046 2881 1766 1889 1881 1546 2824 1764 2730 3137 1795 1607 2668 1761 3110 3146 1652 2961 2139 2826 1777 1841 1712 2146 1851 3070 1971 1705 1696 2338 1730 1743 2430 1960 1957 2408 2924 1688 2342 2737 2160 1752 3034 2636 3185 2021 3002 2645 1660 1806 1654 1805 1666 2512 2975 2834 2610 2829 2801 2498 2023 2841 3066 2093 2972 1799 2979 1949 2061 2372 2009 2545 2219 2391 2728 2058 1833 2956 2850 1793 2582 2182 ];
