index=cell(1,8);
index{1}=1+[330 146 111 196 267 326 322 716 112 329 341 717 109 407 709 660 468 189 506 207 114 669 426 154 503 175 542 107 204 464 95 436 55 155 481 410 397 162 699 593 313 663 340 49 318 385 338 703 538 233 766 400 401 685 453 3 606 271 423 142 632 583 599 431 696 719 51 667 690 695 504 574 268 248 96 158 52 508 97 285 511 376 63 276 367 683 131 365 288 434 466 362 353 167 256 554 445 617 46 740 584 749 310 254 523 414 441 339 43 616 243 668 586 234 257 592 19 84 378 643 526 597 85 550 615 411 430 226 193 671 178 118 628 607 442 636 590 65 522 533 698 589 197 701 211 594 136 654 235 471 302 88 377 450 711 730 68 465 644 92 12 200 622 623 399 33 176 195 287 239 45 229 31 203 476 304 735 130 562 573 161 10 265 483 447 255 587 72 613 408 347 246 116 403 726 591 69 729 172 169 187 144 595 25 135 422 753 673 281 501 76 291 22 102 334 693 82 58 289 221 15 700 388 194 42 548 470 672 380 439 308 721 369 383 153 278 258 662 263 30 212 600 311 741 551 525 517 215 205 163 191 286 83 301 712 335 152 303 206 56 293 101 520 336 6 122 760 614 467 521 727 559 509 202 26 580 714 510 121 218 710 478 642 174 39 661 474 37 427 444 359 8 763 485 87 320 531 238 455 500 192 746 544 413 706 535 493 186 537 366 754 266 198 298 393 184 48 373 280 757 50 653 53 473 250 652 89 686 249 679 737 151 764 633 496 472 582 641 610 734 24 294 666 284 647 532 224 297 181 545 236 579 148 705 100 363 179 625 765 425 346 350 664 454 416 761 516 558 59 713 35 658 490 492 581 406 477 497 649 638 164 240 463 228 150 702 343 585 237 364 20 70 264 674 74 173 635 185 720 552 432 17 680 624 487 156 724 381 694 452 73 747 458 728 110 34 149 223 502 518 596 386 389 527 469 321 40 38 449 138 631 557 139 539 165 247 404 475 751 160 745 232 61 356 230 115 368 627 307 348 137 80 392 2 227 337 626 323 91 157 125 619 314 132 567 279 608 133 440 498 429 170 331 345 656 640 351 319 528 512 611 621 634 171 81 451 715 349 691 220 648 119 759 676 752 543 731 561 742 547 443 317 750 41 677 739 272 421 733 603 361 128 570 123 358 390 396 756 242 182 60 536 290 75 90 312 646 448 99 398 124 576 665 371 598 216 564 333 723 419 412 428 357 382 678 370 482 479 295 78 177 117 704 507 7 54 417 360 282 166 141 553 277 134 513 352 519 47 372 275 252 546 260 555 748 499 1127 1288 931 896 963 1222 1343 1088 1519 943 1152 1307 1319 945 1199 1459 910 1423 1336 1430 1119 1232 1061 782 1412 923 1107 946 1130 1301 1500 1106 841 1117 1084 1439 1446 1189 1196 979 944 926 1013 1010 1120 1345 1445 886 959 998 1160 916 1147 978 1158 1149 1417 1032 1334 1486 948 1526 1314 875 1326 1078 1374 1403 1411 1451 1513 816 1469 1434 1241 1379 1192 1437 1086 1129 812 793 1267 786 1438 1221 1416 1021 807 957 1065 1122 991 770 1480 1116 1428 1212 885 1092 1217 986 976 912 1047 1341 1521 768 1236 1133 1522 828 1036 1371 824 1055 1238 776 1433 834 1178 1457 860 937 1151 829 850 1413 1474 1052 955 906 1198 1240 802 856 1121 861 936 900 907 1415 803 1056 1137 1410 924 887 1449 1493 865 1530 1396 1367 1420 1075 1360 1216 964 1324 1275 1407 1456 1447 849 1514 872 1228 1177 1226 1400 864 888 1027 961 1280 1309 980 1069 879 1051 1068 1366 1270 1085 930 933 1191 1365 1329 1471 935 778 1387 958 1020 1464 969 1081 1380 1031 789 1299 1295 771 967 1312 1462 1194 1255 925 956 1386 1062 968 1230 1389 1441 1112 929 1220 953 1034 1289 1132 1098 974 1207 1381 1384 1294 1292 1105 1005 1376 1201 1296 1223 1524 973 1097 1470 1082 1422 917 1140 1018 1405 882 1043 1242 1050 836 1156 1322 983 894 773 1028 1044 881 1490 1091 1115 1176 815 1424 780 1138 1258 1167 1338 1344 1243 1467 1502 790 1348 1393 1523 1252 878 992 1310 1143 873 876 1468 1200 1499 1291 934 1214 1153 1355 1442 1402 1248 792 1332 1259 1346 1144 1408 1330 1276 1011 842 1146 1046 863 1306 1057 1399 1029 1285 783 1101 1131 1327 1475 1250 1489 1251 952 1419 820 1185 1339 941 806 1193 1518 1077 1506 1297 1263 905 851 858 1363 1099 1282 874 1080 1510 1463 1235 1392 988 977 1083 1359 813 804 1454 1159 1175 921 1060 1304 1059 1262 938 1350 1195 1503 1283 1351 1165 1302 1450 1390 1418 1337 1357 1293 1517 1004 1218 1385 1058 1041 1211 788 1406 1246 1461 1094 1039 1064 795 866 1053 1118 1182 903 1148 1279 1311 1460 950 1507 1361 1308 832 830 1017 898 1444 1391 985 844 1095 1331 1509 1383 1108 915 1264 1169 1452 1007 1079 826 1328 927 1482 1448 1136 1286 1124 1022 808 1281 1233 787 1162 1455 798 1352 1483 1128 1290 1303 940 784 847 981 1479 809 767 996 1394 781 1404 1244 1035 932 1170 1358 965 1008 1269 908 884 1103 1375 1209 1164 1114 1023 1515 819 1001 1104 1014 1087 1076 1508 779 1528 951 1253 825 1025 1188 971 1186 1432 1234 1183 939 1382 989 772 1229 913 893 960 801 1353 822 1110 877 1090 1511 1274 892 1006 870 805 1398 1173 1443 859 1024 1333 987 1533 1227 1215 1111 1265 1342 811 1213 821 904 1000 1009 902 1067 995 1166 1473 1040 1472 1142 1205 1409 1364 1054 855 839 852 1219 1527 1190 769 1516 1208 1171 1113 823 1505 1504 1356 1157 1531 1172 1254 1349 1287 1093 1089 1401 1501 914 962 1048 1033 1532 1340 1154 1042 2780 2241 1704 2687 1778 3116 2161 1921 1893 2815 2615 3051 2806 2971 2066 2498 2353 2558 3101 2374 2918 1966 2875 2787 2146 2135 3069 3034 3099 3162 2311 2357 1956 1601 2881 1604 1945 1874 2333 2611 1772 2710 2510 2522 2233 1904 3188 2709 1824 1717 1863 1873 1674 1710 2432 2672 2381 1593 1864 2249 2745 2595 2515 2739 2480 1790 2497 2229 3115 1831 2927 2413 2605 1908 3028 1903 1693 2191 2304 2761 1596 2378 2181 1792 1638 1813 1928 1900 3149 2549 2992 1632 2578 3063 2902 3017 2145 1536 2509 1841 1755 2465 1950 2942 2461 2833 2786 2897 2962 2663 2046 1856 2035 2202 2260 2922 1624 2418 2455 2020 1737 3032 1759 1566 2500 1695 2974 1943 2434 2476 1839 2259 2805 2772 2445 2900 1647 1889 2047 1554 2795 1700 1661 1936 2324 2975 2555 2807 2660 3094 2384 1754 2870 2747 2462 2527 2058 2925 3154 1872 2845 3181 2723 3078 2597 1542 2084 2960 2001 2266 2566 2887 2326 1667 2053 2691 2415 2448 1876 1727 2397 1859 1869 2541 2154 2248 2317 2102 3097 3178 2952 2114 3077 2519 2645 1819 2756 2838 2086 2175 1712 3117 1946 2323 1618 2903 2763 1541 2429 2576 2556 1963 2119 3142 2183 2307 3009 2542 2852 1769 2865 2777 2771 1939 1851 2392 1860 2179 2789 2467 1612 2411 2387 2348 2664 2362 2593 1984 2169 3148 1975 1971 1871 2278 2246 2363 3136 1862 1668 2740 3120 2185 2349 2464 1607 2227 1811 2943 1565 2401 1965 1993 3140 2713 1773 2440 2436 2120 2648 2113 1590 2299 1676 2393 2486 2587 2250 1810 2190 3157 1997 1890 2295 1907 2754 2153 2271 2528 1716 1656 2433 2004 2140 2156 1844 2210 1948 2226 2382 1775 1722 2851 2313 3089 2394 2358 2283 2258 1942 1941 2565 1552 1917 2083 2604 2024 1605 2104 2788 2694 1982 3103 1645 2831 2598 2606 1822 1627 2704 1916 2251 2705 1933 2225 1934 2616 2899 2027 2444 2106 3118 2924 3165 2269 2224 2385 1688 2126 2356 2791 2725 2860 2758 2983 1857 2874 2340 1642 2835 2354 2812 1821 2546 1569 2568 2632 2279 1828 2496 1692 2406 2488 2802 1583 2234 2300 1782 1750 3026 1691 1606 2959 1766 2371 3033 1603 1817 2322 2316 1714 1922 2007 3047 2152 2136 2947 3006 2937 2122 1705 2365 1988 2294 1747 2647 2767 2157 2858 3014 2757 1562 2198 1663 1743 1655 1619 1591 1651 2151 1883 3106 1582 3182 1991 3001 2256 2452 3086 1574 2659 2813 2707 1635 1812 2280 2071 2159 2600 2067 2485 2412 1683 1545 3040 1976 1629 2936 1972 1833 1780 1573 3025 2361 2282 2692 1998 1746 2177 2671 2641 2228 2674 2264 3023 2032 2199 1625 2755 3138 2103 2610 2774 1795 3065 1648 2529 2816 1764 1547 1637 3131 2111 1894 1771 2217 2481 2540 2425 2328 2031 2536 2579 1897 1585 1915 2484 2603 2781 2116 2158 2292 1994 2950 2189 2244 1912 2472 2370 2335 2554 2505 2495 2222 2170 2624 2869 2801 1539 2539 2797 1788 1906 1924 3107 1978 1875 2516 1672 1979 2547 1807 1757 2220 1660 3121 3010 2730 2575 1665 2834 3018 1709 2785 2281 2092 1910 2164 2334 3147 2633 1774 2306 1882 2990 1702 1758 2303 2439 1581 2906 2617 2087 1958 2017 2508 2608 1622 3041 1835 2625 2669 1570 2327 2656 2569 1753 1610 3066 1949 1703 3130 2221 1752 3123 1644 3127 2287 1595 2368 1885 2678 2276 2798 3174 3072 2583 2585 3042 3146 2176 2332 2688 2964 2171 3132 1911 