index=cell(1,8);
index{1}=1+[1924 3160 3099 3100 3486 3007 3293 2118 3390 4038 3698 3487 3584 3663 4292 1846 1872 2711 3268 3117 3771 1919 3960 3500 2157 1890 2054 3000 3691 2595 2094 4156 3966 4254 4443 3513 2734 2450 3516 4537 3177 4328 2855 3020 1968 2455 3511 4295 2969 2154 2578 2991 4303 3189 4435 3031 3687 3361 1818 4149 4219 3904 4043 3360 3036 3476 4092 3962 2535 3862 1902 4375 2537 4413 3540 3281 3296 2241 2934 4013 4130 2487 3367 2353 2481 3753 2479 4340 2913 4255 1867 2546 4185 3946 3308 2564 3009 4096 2527 3797 3928 2862 4420 3640 2872 3605 2664 2501 3307 4397 2355 3407 3352 2011 1941 2604 4131 4069 1889 4465 4081 2554 2242 3229 3430 4227 1973 3485 3129 2379 3010 2216 2439 2120 2034 2788 2909 4483 2465 2575 2403 2139 2750 2278 3618 3032 2153 2587 4314 2413 4383 3317 4136 2051 4203 4459 3306 2302 3549 2080 1820 3632 2990 3246 4444 3576 2580 2975 4416 4325 2290 2638 1943 3830 2224 3670 2763 2962 1915 3459 2776 2820 3350 3752 4044 3223 2484 2443 3067 2959 1997 3003 4592 4041 4104 3451 3599 2739 2365 2367 2485 3617 2206 4343 4151 3439 2469 2319 3322 4015 3302 2758 2245 1836 2171 3442 3465 3645 1856 3762 4009 3102 3311 3782 2660 4167 3273 2325 4174 2838 4545 4181 3651 2170 2358 2148 2478 3372 3985 2898 2382 2093 2468 4510 1907 2263 2692 3968 3271 4370 2753 4110 1834 1995 2903 3657 3493 3957 2629 3887 2285 3044 3385 4590 3808 4458 2277 4214 2752 2390 2492 2968 2260 2095 2563 3392 2745 2074 2996 2234 2116 2513 2372 3094 3355 2210 3890 3941 2984 2091 3542 4354 3342 3294 2567 4541 2805 2296 2761 2090 4237 2768 4029 4297 4411 2982 3071 3914 3444 2173 4359 3328 4387 3977 3975 4064 1992 3794 4342 3818 2385 4401 3558 1869 2427 4365 3521 2115 2769 2793 3709 2226 4368 4138 4536 4179 3526 3680 3401 2798 1982 3122 2874 2819 4014 2648 3976 3991 2474 1965 3162 3634 2459 4389 3523 3961 2576 2491 4507 2670 3538 3093 1946 3137 3910 2300 3900 3017 2592 2204 3085 4208 3142 3028 3766 4018 4523 1939 4327 3881 1932 3272 2640 2255 2032 4182 2889 2136 3940 2772 4059 3074 2408 4152 2089 3164 3417 2550 2699 3287 2691 4451 4170 2899 3457 2099 2775 3593 2879 2205 3569 4349 4547 2352 4194 3470 3011 3499 2295 3045 3416 2417 4169 2952 4544 4260 2336 2777 4031 1959 3480 3167 3441 2519 3261 2489 2993 4439 1898 2052 3573 4291 3715 2566 4543 3418 2124 4549 2774 3506 2986 2577 3043 1983 2674 3568 2666 1953 1829 2190 2650 4236 2354 3208 2676 2411 2082 2433 4028 1857 4583 3348 4330 4033 2202 3375 2848 3145 1920 2391 2214 3395 4112 3108 2348 3171 2534 3999 2735 1838 2622 3810 3958 3601 3114 4530 3168 3234 2374 2289 2356 3173 2050 3284 3219 3411 2504 3563 2258 4516 4469 1972 3051 3059 2856 2839 4266 4323 4546 3911 4454 2026 3436 2858 2294 2947 2380 3119 3699 3697 1886 3863 3483 4046 3625 4379 3497 2103 1887 3972 1945 3185 3356 2188 4074 3203 1875 4209 3853 2973 4144 2213 2852 3295 4524 2562 3194 2316 3804 3637 3110 2223 4448 3349 3002 4270 3990 2548 1868 3843 1873 2987 3087 3686 3363 4272 2147 3547 4367 2511 1986 4146 4475 4474 3321 4087 4086 3971 2264 2886 3629 4563 2754 4186 3986 2238 2956 4045 2340 2175 2716 2020 2536 4128 3037 3420 4054 2318 3078 4213 2122 3364 1874 3432 4552 2740 3191 2673 4463 4521 3337 3734 3387 1848 2610 3477 2928 2709 2414 3159 2304 2138 4204 1962 3688 3964 3681 3653 3974 2658 4242 2910 2581 2106 3751 3400 3498 2707 4158 2049 4400 2790 3196 4329 2284 4105 4022 2071 4224 1831 2130 4380 2662 4040 4239 2013 4412 2160 3553 1823 2419 2755 3013 3184 2235 3700 3836 1990 2410 3496 3042 3857 2686 3130 2063 4566 3217 1914 2544 2399 3202 2593 2783 2098 4599 2422 4245 2100 1944 4584 2393 4440 3615 4320 2799 3334 2630 3789 3096 2225 2705 2389 3744 3891 4579 4177 2008 2127 3069 3402 2104 2347 3889 2585 2589 4273 2208 3346 4557 2957 2684 2773 4123 3192 2724 3834 4172 1815 2275 2624 2272 3494 3552 4259 4571 3084 4218 2246 2827 2500 3175 2978 2669 3592 2181 3421 1845 4515 2762 4020 2552 2062 1967 3860 3092 2345 4394 2019 2927 4381 4277 2923 1976 2021 2816 2812 2036 2482 2979 3820 2463 3714 3823 3462 3696 3690 2483 3023 2596 2892 2045 1841 3501 2055 4596 2220 3867 2308 4072 2738 3870 4284 3627 2661 3275 4265 1870 4461 2426 3510 2732 3384 3660 4520 2591 2007 3905 4496 2359 2704 1855 3832 3369 3669 3106 2229 2884 4084 1825 3452 1956 2280 2530 4197 3403 3461 3874 2458 3837 2980 3791 2197 3266 2744 4488 3204 2256 2955 4374 3181 2232 2317 3936 2611 3161 3623 2029 1882 2677 2061 4489 4527 3769 4051 3301 2678 2961 2079 4007 3795 4085 3066 4052 3811 2574 2286 3931 2341 3947 2607 3115 4016 4472 3842 4321 1921 3980 2748 3664 2601 3112 2771 4481 2292 4438 2023 1901 2309 3518 3113 3581 2723 2151 2832 3025 3291 3995 1900 2569 4176 4241 2183 3276 4493 2457 3141 2142 1949 1850 3559 2925 3163 3801 2424 3892 4347 4482 3589 3063 4479 4159 4175 2253 2288 3850 2659 3489 2321 3925 2688 2164 2951 3583 2053 3668 2182 4410 3784 2789 3144 1933 4002 2834 4478 3310 2126 3772 4414 3183 3460 4055 3406 3796 2447 1835 3393 2373 4299 2203 2936 3894 2851 1966 2101 2837 4313 2637 3198 3253 2333 4306 3779 4518 3091 2431 3524 2646 4089 3382 4019 3536 4025 2146 2043 2125 2891 3166 2381 2273 1884 3641 3211 3930 2767 2249 2523 3447 2038 3949 2239 1814 2949 3351 3320 2932 3654 4312 4417 2087 2794 2657 3332 4027 2111 2668 3705 2583 3226 3827 4206 2346 1925 2942 2420 2916 3504 3131 3260 3587 4042 4164 4168 3038 3527 4126 1852 4275 3652 3727 3415 3650 2480 4419 3304 3139 3034 2252 2902 2490 3466 2950 4594 3212 4346 2644 4464 3474 1840 3319 3132 2017 4222 3448 4421 4357 2826 2966 3180 4048 2522 4253 2471 2760 4153 2945 3979 2810 3788 4196 3158 2919 2298 3041 2766 3109 3775 1984 1839 3101 3149 2453 2526 3097 3343 3621 2215 3405 3731 2802 2369 3279 2689 1969 2695 4274 2712 2633 2163 2830 3720 3133 4116 1926 2377 3938 3934 2172 4268 2671 2461 4294 2180 1910 4337 2600 3155 4106 3315 3156 4429 2212 4232 4519 2939 1853 2218 2571 3424 4101 2440 4376 1827 3329 1905 2112 3426 3386 3543 4155 2988 1964 3049 2083 2868 2904 3140 2922 2631 3379 2989 2254 2652 3228 4166 1826 2250 1985 2473 2995 2070 3591 3388 3076 4388 3289 4550 3813 3916 4296 4111 3030 2230 4398 3124 2438 2719 3396 3035 4097 1970 2801 4326 2556 2694 2727 2477 2191 3347 3316 3128 3913 4147 3646 2155 3449 3571 3800 2672 3473 2645 3564 2905 3154 3298 2114 3412 4077 3781 2725 3721 1980 4200 3835 3534 4103 2815 3630 2713 4386 2166 2915 2395 2828 3626 2460 4511 4287 3525 2971 2617 3423 2195 2765 3580 2199 3582 2941 1947 2388 4145 4564 2994 2293 2282 2756 4338 3077 3089 4230 3554 4582 3220 3656 3927 4498 3519 3861 3463 4049 4422 3353 4393 2305 3695 3787 3509 2887 2121 2746 2823 1938 3865 2189 2376 1916 2494 2495 3535 4189 3325 3515 3376 3215 3902 4135 3243 4243 3238 3339 3481 2397 3433 2514 4344 1865 1861 3282 3200 3868 2259 2931 2449 2606 3745 3883 3737 2906 3667 4505 4339 1844 4281 4529 2085 4499 2875 4366 3464 2507 2265 3780 1917 2010 1819 4023 2496 3340 3209 2649 1879 3555 3062 4384 4283 3454 2470 4495 2476 4150 4154 2133 4080 2825 4205 2706 2451 3799 4476 3245 2882 4234 3590 3047 3712 4586 3803 3472 2432 3956 4053 4099 4075 2109 2117 3550 3665 2560 4282 4107 1824 2222 3922 4109 3710 2169 2970 2423 3467 2663 2679 1903 1963 3326 3005 1940 2506 3689 2128 4191 3893 3970 4570 3574 2800 3570 2383 2335 2516 3807 3484 3267 2268 2402 3495 2599 4405 3896 3377 2579 2193 1843 3373 2616 1893 2462 1937 2647 3488 4391 2407 3982 4453 2161 2675 4188 3829 4286 2531 3898 4447 2588 1909 3429 4406 4143 2992 3029 2808 2963 3996 3994 3264 2072 3153 3016 4502 3040 2042 3081 3370 4509 2178 2621 1918 4215 2559 2901 3214 4115 2999 4124 2558 4134 3885 4486 4301 2168 2751 3858 1942 3303 3673 3290 2944 4485 3187 1955 2737 3948 2685 3104 2444 2654 2009 3207 4269 3103 2306 2714 2643 2012 3713 1936 3847 2933 4256 3050 3105 2107 4345 3736 2240 2557 2937 3912 1958 3658 3179 3269 2998 2696 3468 2048 2715 3717 2342 4119 2926 3594 3249 3978 2156 4457 4382 2084 2144 3428 4369 3174 3901 3314 2512 4468 4228 2860 4577 4066 4433 3655 3631 3178 2137 2508 3546 3258 3755 3708 3666 3792 2159 3469 3199 3026 2327 3503 2700 2415 3425 3575 4558 3742 3560 3812 2503 3213 3193 4445 3182 4567 4050 2847 2343 3747 4591 