index1=1+[4456 2496 3258 2045 2422 2149 3147 3815 4078 4288 1930 2269 2323 4428 2716 2866 2150 2159 1861 3493 3144 2129 3323 2764 2749 2000 1942 1998 3146 2081 4395 2090 3780 2017 4090 1845 4240 1986 3025 3409 2176 3974 3278 1831 4375 3663 2683 2880 2089 2419 4534 1873 2444 3732 4159 4226 2527 2785 2774 4383 4128 4282 2614 1920 4241 3855 3223 2344 4146 3743 4109 2179 2814 2016 2752 2667 4275 3186 2509 2964 1943 4244 2275 4352 2249 2670 2423 3541 2453 2905 3412 3950 3052 3372 3588 2918 4142 3259 3912 2108 2973 3967 4172 2133 2942 2294 3269 1965 2104 2271 2956 2604 3973 3288 2679 3962 3038 1902 3628 2578 3093 2151 2468 4330 2160 4490 3123 3693 2072 3021 2212 3923 2222 2042 4245 1827 4252 3791 2645 2192 2725 2348 4176 3610 2450 3496 2349 2619 3364 3759 4233 4068 1929 3543 4221 2292 2543 2909 4183 4421 2390 4048 2439 1987 2693 1892 4334 2403 3281 2843 4430 2120 2536 3244 2027 2802 3583 2959 2875 3467 2860 4557 1847 4461 3304 1945 3399 2196 3458 2816 2823 3082 3957 2003 3952 2493 3948 2874 4599 2569 4432 3539 2382 2788 3140 3328 3655 2881 3009 2908 2155 2270 4546 4088 3310 2033 1901 2817 3242 2535 2350 2119 3935 2460 3773 3055 2616 3452 1858 2124 3337 4488 2664 3436 3280 3233 2299 2768 2502 3405 2141 2637 1886 2622 3128 2486 2409 2216 4025 2161 2100 2166 2483 3729 3785 2214 2408 1897 4527 3946 3489 1859 4167 1836 3668 3671 3779 3150 2168 3913 3222 4495 2213 3486 2035 2204 2643 4042 3215 3491 1981 3656 2226 2861 1878 2086 2733 3638 4391 2211 2055 2741 3151 4195 3724 2781 2847 3856 2829 2405 3873 3410 3751 2674 2727 3622 3844 3469 4218 3884 4004 3032 2374 3110 3990 2677 2903 3537 3544 3532 4006 2642 2976 3673 2627 3701 2587 3503 3380 3348 4203 4166 4170 2143 2709 2771 2723 3273 2662 2938 1854 3029 3275 3260 3427 3568 4197 3686 4596 3046 1941 1912 2729 2689 4126 3916 2331 3676 1888 3760 3276 3131 4001 4400 1985 4538 2845 2948 3851 4574 2234 2175 2198 3022 2005 3283 3447 3125 2232 4544 2853 3930 2581 4122 2926 2441 4543 4039 4307 2985 2708 2341 2517 3859 2575 4160 4022 4365 2935 2488 4211 1842 3086 3241 2298 2516 2287 2668 2424 2767 2770 4493 4120 3515 3584 4310 2868 3560 3232 2782 2879 3525 4329 3457 3647 1837 1875 2521 2280 3904 2123 3944 3135 3982 2602 2747 2334 2954 3719 4107 3020 3905 2353 2420 3290 4156 4342 2776 3606 2915 2507 3592 3395 3330 2902 2837 3968 2651 4351 3993 2244 2433 3528 3474 1843 4210 3553 3346 2385 3619 4361 4508 2181 4298 2641 2414 2313 3573 4370 3850 3849 2485 1950 2392 3502 4057 3981 4208 3226 2546 4222 3571 2911 2653 1846 2654 3103 3450 3325 3172 1855 3939 2551 1818 3251 4094 3153 2993 3200 3005 1822 2163 2020 2787 3368 3277 4377 4368 3777 3340 3203 1988 2260 3105 3877 2518 2646 3808 2672 2152 2346 2552 2391 2858 3527 4420 4438 2745 3015 2050 3007 2262 1963 3180 2464 2218 2371 4175 2202 3730 3581 3274 3440 1898 2595 2694 3629 2191 3008 1856 4224 2720 3271 3513 3924 2274 3965 1862 3847 3862 3551 3627 2769 2867 2065 2936 3087 2413 3698 3890 2075 2316 4124 3428 3413 2369 3148 2615 2188 4135 3044 2338 3363 2744 3201 2757 4069 3747 3487 3826 3876 4029 3940 4216 3438 1821 3199 3287 3556 2534 3746 3319 2596 4578 2763 2053 4393 3300 3636 4404 3090 2869 2039 2225 3857 1960 3878 4503 3653 2995 2719 3812 2714 3546 2335 4379 1863 4457 2793 2688 2336 4570 3196 1989 3893 2183 2930 2300 3740 3043 3832 4380 3801 4266 3582 2467 4398 4484 2661 2248 3749 3253 3312 1880 1884 3192 2900 3520 2049 2237 4125 4501 2088 2308 4205 3184 4513 2545 2928 4269 4071 1947 4591 3714 1924 3523 2659 4331 3394 3937 2097 2821 3392 4580 4007 2098 4293 2561 4468 3805 2807 3516 1932 3863 3208 3530 3814 4108 2840 3004 2469 2131 2775 3970 4196 2219 2838 4356 2295 3733 3611 2848 2351 2652 4426 1866 3800 2856 2794 3728 4496 3425 3662 4553 3211 2623 1893 3918 1877 3166 2681 4569 4452 2882 4446 4313 2194 1953 3379 4138 4106 3327 4413 4337 3514 4497 2533 4151 3781 2870 3384 1922 2591 2717 2186 3577 2761 2472 2550 3352 4407 3127 3286 2913 2539 4384 3165 3599 4077 3500 2200 2014 3075 3454 1849 4369 2373 2894 3342 4469 3706 4145 2899 3869 1815 2034 2187 2657 3821 3164 3374 3404 3654 3362 3176 3424 2803 3139 4187 3776 1917 3806 3182 2933 4081 2396 3138 2462 1840 2996 3296 4389 3031 3115 4562 2800 4182 3246 3633 1824 2706 2184 2728 3311 1911 2951 4202 3130 2215 2562 2841 3314 3466 2366 3355 4354 3725 4189 3616 2852 2529 2259 3548 3388 3187 3505 3963 3167 2329 3778 3402 3726 2701 2064 4008 2547 3129 1975 3391 2522 4141 4032 4199 1841 4429 2096 3431 2470 1830 3650 3943 2261 1889 2844 2924 3739 2540 3481 4443 2307 2153 1867 1874 3831 2923 3931 2925 3449 4479 4396 3356 2386 3435 4381 2380 2135 1970 3558 2994 3375 2573 3229 4300 2854 3073 3056 3829 4440 2306 2778 2863 4355 2524 4529 3881 3367 2128 2325 4378 4442 2818 4134 4030 3158 4168 1952 4235 2500 2632 3230 3998 4518 2647 2501 2506 3554 2144 3734 3480 4417 2430 2434 2489 3684 2425 3459 3604 3156 2592 2849 3874 2023 1816 2303 4095 3013 3807 2189 2142 2404 4130 4020 4483 4260 3067 3218 4394 4091 3216 3887 1887 3202 2742 3866 3225 2937 2932 3027 4318 3711 4192 4437 4270 2231 3624 3350 2112 2851 4099 3407 2354 3717 2437 3430 3191 2006 4595 3899 3524 3938 3377 3063 3580 4050 3517 1996 2812 2031 4573 2772 4296 2171 2278 4387 3478 2497 3266 2678 3975 4209 3825 1978 3538 3365 3064 3858 2820 3080 3900 3171 2037 2148 2831 2030 4265 2400 4502 2146 4281 3596 2530 4054 2568 2593 4333 3665 3240 3175 1983 2457 3860 1909 1908 3465 4150 4302 3181 1813 3116 2011 3504 2836 3511 4466 3316 3966 3789 3088 3344 4239 2484 2210 2326 3557 3631 3195 2059 2227 2343 2605 2147 3996 1926 4113 3024 3945 3683 2669 3177 3682 1958 3594 3885 3301 2251 2582 4363 2974 1982 3426 4424 3499 3578 4526 3795 2193 2145 3047 2871 4441 4587 4448 4408 3071 4040 2929 3954 3681 2893 3767 2474 3736 3642 4155 3770 3828 3112 4271 1900 4190 2526 3748 1869 2130 3689 2617 1971 3250 3227 2850 2109 3453 3621 2830 2091 3381 3745 4304 2004 2208 2199 1954 2449 3051 3369 2599 2808 2660 2383 2127 4478 1990 3870 3497 4555 2590 3224 1979 3268 3376 1925 2811 4315 1864 2267 2273 2971 3059 4080 2296 1984 4002 4500 2136 4074 3016 2630 2448 1833 3971 4299 3625 2692 2888 2628 2735 3721 2718 2185 4341 3023 3293 2806 2431 2589 2330 4179 2207 3574 3897 2245 2340 4024 4536 1896 4324 4328 4423 3183 2019 3820 3000 2606 3794 2365 3219 3058 2301 1918 2750 2922 3237 2376 2401 3002 2765 4450 4506 3236 3976 4023 1907 3432 3687 4118 2352 3702 2732 2010 3600 2360 3951 2704 3563 2487 4254 3471 1961 2753 2618 4021 4598 4530 3507 2499 2174 4083 4072 4015 2481 3835 2722 2164 4186 2743 2635 1977 3837 4325 2760 3291 3787 2461 4089 4027 4308 3846 4037 3607 3193 3159 2705 3401 3921 3133 2368 2203 3267 2666 3699 3420 2839 2440 2427 4045 3712 4523 2680 3867 4590 2639 2977 2009 4268 4251 3590 3320 2040 3035 3630 1839 4169 3121 4206 3782 2318 2001 3646 3279 3769 3460 4539 3418 3651 3840 3883 1955 2069 4425 2367 3617 4405 2600 3994 3752 3168 3461 4060 4272 3934 3804 2789 3479 3892 2574 3802 4085 3623 2531 2293 2384 2505 2411 1966 3710 4286 3601 2317 4031 4123 3640 4230 3597 3797 3788 2138 3101 2864 1980 3285 2239 2832 3872 2025 1282 833 1576 679 91 934 1613 1636 478 1540 1504 221 566 30 1266 179 361 324 632 58 1121 521 975 872 383 327 1518 1663 1562 1003 328 863 845 622 510 619 154 38 981 701 1570 1417 628 1436 675 1642 884 419 1203 68 986 303 88 1013 1519 1582 974 903 1624 242 523 208 1384 494 244 84 1036 319 1180 1479 1594 1717 946 793 32 290 871 416 532 469 543 1763 428 474 644 636 1109 1575 246 1804 795 452 1407 337 901 209 1236 1598 40 669 413 1448 1010 1235 741 375 280 1404 1017 647 1071 1061 496 938 204 515 1803 1458 620 401 457 1139 1634 467 1069 1045 771 250 792 414 867 184 737 219 1475 390 979 885 1424 1579 1628 1243 1493 464 736 730 492 77 81 1030 1009 1076 1797 509 1324 1241 405 1168 1765 1302 601 205 1016 936 546 357 758 830 965 1186 611 881 779 1370 309 1223 249 1418 1374 1312 1782 1632 692 393 1343 1695 1542 1092 1658 1685 565 860 1004 1108 273 522 502 1214 1701 481 1399 841 1698 778 427 569 1057 715 704 1452 1402 312 1064 1785 1126 1806 876 1564 769 85 657 203 301 1105 1571 531 124 693 325 106 971 304 880 1122 