
index=cell(1,8);
index{1}=1+[3409 740 2373 1417 1688 3265 253 1484 3307 873 4745 294 445 3087 1034 3417 4609 1053 914 2414 2119 2225 2400 46 1027 1541 690 2386 4074 2379 3528 4212 1042 2346 1579 3879 1817 4222 2920 3218 1245 2237 1293 1040 659 2337 4217 176 2275 1430 3872 3275 4508 2413 3967 147 3179 115 1574 1483 2380 1059 2494 1152 4020 3109 526 2409 2246 1420 2388 1363 4774 98 2156 1405 1559 4686 2502 4223 2159 1423 2888 2154 3973 2493 948 3571 1856 831 1990 641 189 3770 993 2935 906 1109 2656 3559 1781 433 3901 230 250 2503 626 172 2318 2372 3650 2116 282 2818 1664 1474 1029 2401 3965 3662 4389 2412 4483 2589 4680 4039 908 1649 1155 2532 687 4213 3021 1577 540 3578 178 1349 2054 1132 2665 3534 4291 1835 3161 4060 2934 405 2142 2892 4440 2807 949 2524 1588 153 3827 2741 549 1567 911 1055 1173 806 2709 3790 977 851 2073 1759 135 164 2451 468 2100 38 1235 1205 2484 212 2126 1956 1299 2151 469 4478 3535 2613 859 596 2335 2601 1307 864 3319 856 3648 1949 4316 202 2233 737 4472 3873 2876 2051 683 1602 3734 928 2757 3874 47 91 2066 4456 480 3762 1451 417 3799 1656 2848 343 4514 2358 130 729 1701 2614 3143 4019 3900 956 2556 3216 1847 1536 633 606 225 1073 1933 2950 2791 2331 4214 2035 1586 1888 1569 1057 3763 4067 2574 249 4566 2755 1796 2285 1976 3439 161 3342 3687 4171 734 1041 603 2653 3212 1085 2539 2359 4254 2273 2104 698 306 1801 3729 648 3776 1863 822 2096 846 2041 2785 4438 2418 1186 206 1465 592 1961 1596 1139 3845 947 2385 2520 3961 4565 4163 3407 4370 3923 681 1439 3780 3053 4430 4016 3964 1441 660 4329 2620 2595 1404 4150 220 2127 198 1065 1942 2060 3605 1764 3073 314 857 446 2243 1301 3674 1748 2629 2486 950 3156 2598 3270 3719 913 4295 1640 1780 1604 4173 2573 4038 4327 271 3783 2491 1974 2466 391 4852 2497 784 101 2951 2047 109 2702 2102 169 2226 4666 2593 3756 1151 2093 1935 3625 1522 2567 1436 465 558 1673 2443 137 3254 3722 2310 369 3769 1654 2902 3518 402 910 2654 4245 4326 615 1313 1113 3774 4415 2178 4808 2815 181 644 1955 1202 1215 1903 111 1144 2910 3876 3786 1883 3508 2092 3444 4235 3928 2877 4748 1103 4384 2779 2122 1054 2279 451 1846 1142 3057 1893 2094 3610 3078 1927 1840 412 4216 1891 4849 2417 3245 1273 428 538 2125 2651 62 2549 2366 4828 2062 4433 1182 1036 3423 1149 2697 1427 818 1793 1341 12 3398 2721 3860 1882 2303 285 216 801 2008 4360 1621 4186 1940 2703 535 3204 2905 3950 2106 317 2868 2038 4794 36 2442 3767 3040 1679 1939 4638 4120 756 1438 113 519 1580 1938 1825 3454 1693 4027 267 1950 3561 484 1544 613 524 1811 1757 3320 2083 1249 4320 2058 909 3429 3522 3878 2570 4061 979 4452 11 4408 3788 2643 3530 1703 325 2611 1680 2942 4669 1745 436 965 727 1655 1909 2317 531 1455 912 2252 4810 2730 1116 2953 3104 2076 4479 2711 1509 2725 2242 3804 3765 3079 639 1638 1658 824 3927 2214 2260 1636 4612 2444 1790 4473 2378 4189 2852 3737 4679 4385 2898 567 2454 506 3694 2636 4700 4625 3791 4155 3949 2820 334 2256 3074 2498 2811 2642 4041 4398 1207 2465 3718 401 4853 684 450 272 3193 3847 3432 261 4328 1943 3523 4720 503 3326 4219 4410 165 4225 1369 252 2469 2788 3708 2761 4498 3066 4110 4439 292 3467 2045 874 1239 3576 2080 2941 4788 103 3269 4106 1104 992 1570 4056 2780 2216 4813 699 3238 2081 471 1686 1880 1046 935 4281 570 4481 3022 2017 3699 3710 2039 338 697 1711 4331 121 3713 79 4391 624 3811 2350 637 3047 3027 2789 3716 1987 2048 620 2546 82 3591 2552 2129 1271 1639 2334 2148 3807 1756 1489 168 3051 1916 2792 2419 349 2147 1964 2678 2014 1476 3891 580 4179 2166 23 3049 3081 1492 561 1118 2632 1826 2052 3929 996 725 430 4555 72 2880 2952 1147 2480 4255 4198 4007 2624 4277 1063 665 4699 810 2265 2633 1501 2138 1254 1211 409 2509 2063 705 3814 3182 4648 2164 4126 4780 4154 1268 3954 946 4729 1583 1180 1648 396 1805 2899 541 2227 2326 4374 1707 2625 4001 331 929 4781 4455 4542 3401 1746 3058 3108 126 1892 3712 3709 1014 262 3220 1251 1709 2187 2025 3838 2097 1858 2266 1048 2240 2440 3721 3177 3917 2577 283 88 240 2037 2031 3036 2821 35 692 2712 4237 2462 3112 2430 4576 1304 2075 3616 4457 403 1906 1510 1165 1502 915 2324 3210 2707 2962 141 1941 1061 1317 1001 1143 754 1013 4443 2288 2282 4064 3440 1710 4395 1244 1039 2396 1442 2496 49 3077 241 2540 4015 4301 3520 536 1944 4451 2086 1146 4127 1767 1217 2450 892 2445 321 219 1954 4293 2637 4606 4256 2731 2886 593 4505 71 483 3097 4191 4135 3464 934 4671 1901 1873 2936 777 2572 984 2053 134 638 3668 4484 196 4442 937 1922 2365 193 2460 1736 296 817 2431 3452 1853 4311 2011 1468 1766 215 2117 773 4477 4101 208 4131 3773 2829 3123 2046 2422 2738 4448 3748 4215 3217 1738 2906 669 2115 244 2459 1872 2234 3274 3617 2432 1434 2176 4743 2307 4588 936 3056 3948 3798 4730 2072 2165 2592 3076 2183 2408 4614 2139 2027 2321 4244 182 1874 743 695 1521 3297 2655 1045 3835 933 2475 1768 1454 2026 4465 1659 594 2806 429 3806 3823 218 4466 953 643 1145 2361 4400 1886 3924 2113 1435 1894 4269 4102 3882 4367 3136 614 4480 1472 4740 3812 1015 581 2576 4021 3849 2404 4894 2312 4403 2911 720 4390 1887 1794 4356 1704 2438 2797 3832 4352 988 3956 2542 3420 2850 4073 4543 2421 65 464 457 4650 3127 200 2105 1337 795 1043 2787 631 2925 140 4022 2794 2547 2371 1237 2561 2500 34 1614 3280 3537 2513 902 4358 1071 2200 4784 174 1848 870 2090 2172 1675 4636 1857 2801 4032 191 4772 1585 333 3289 4096 621 685 4692 2851 3892 4164 2970 2099 3935 4832 2001 3438 3995 4533 3010 1758 2550 1845 3766 4034 394 2436 2283 4031 2123 674 4036 2395 1491 4672 2338 2012 2284 3456 3794 265 2253 2769 1353 407 2669 4290 3957 2135 3189 2495 572 2059 623 3831 395 119 4271 277 2195 1884 2287 324 1062 1134 185 2955 4238 1166 3925 1630 4556 104 4371 4497 4539 3627 940 2186 4884 1119 709 2501 2236 1223 4616 693 78 4619 1418 3437 3893 2424 3296 2120 4153 1338 4185 2964 3802 2563 3751 4128 4325 1808 4851 2882 1469 4300 210 3787 3758 1385 2067 1323 721 3980 2847 1627 1564 162 2446 460 1117 4509 120 4030 4083 2263 273 710 2831 931 2110 1178 4416 459 3700 3387 2596 657 184 3678 2352 2055 2782 4540 1256 370 2199 1978 1540 537 2201 1316 4544 2826 4108 2006 2686 3207 3880 1074 6 1407 3903 4280 1024 497 1905 3919 43 4790 3020 4232 1637 1635 4321 3670 3474 3546 1352 1902 2425 4681 3453 486 3430 3573 3582 3881 2213 1548 617 3337 627 3599 4816 1372 863 545 4428 4893 2367 1520 4454 3435 568 4264 533 2966 3132 2109 3589 3677 3256 2271 764 1311 0 901 2383 664 3331 2082 4633 1424 4419 3768 3094 425 3013 347 1733 1749 60 742 3335 1523 3854 213 4711 4393 1023 286 4579 3472 4758 3863 4658 622 1877 2717 3336 4721 527 2398 1259 3427 1421 1131 2734 3246 2783 2410 2659 4577 1230 1979 4696 1475 4805 488 4168 4361 105 1812 4838 81 233 54 3284 3952 682 1917 2859 938 1486 1220 833 3404 4868 1695 1334 4775 745 3920 3808 180 4123 2276 2837 3434 1986 2972 4592 3840 1815 1460 2077 691 1017 3979 444 2223 707 1203 1433 2280 3825 1667 530 4134 260 4095 4747 3019 2262 2483 4660 236 2131 2900 1292 2309 4206 1157 878 3221 954 474 1657 716 4676 811 2360 4532 2742 4501 1867 4678 1517 872 4431 209 2375 2377 3436 3340 3085 4029 2028 4088 58 3045 2458 1263 2472 4286 2832 986 1843 3372 3344 362 4587 4585 3985 3469 1383 3691 1651 1012 2921 1188 1167 3383 1274 2162 4152 2759 117 3649 523 1527 2448 108 2437 1912 300 1340 139 4010 2356 269 898 1660 1335 1713 1508 731 3054 3139 2510 383 1897 4388 2281 2865 4580 3870 3564 99 1478 1653 789 366 3120 4707 1836 4489 2133 3347 367 4068 3279 4248 735 3565 798 2023 542 3330 1802 2648 2322 3317 1174 1827 3240 3339 1722 2070 3259 1535 3038 80 3191 490 4682 416 4302 1998 275 2158 404 2635 4089 2426 826 3587 1327 291 2160 4527 3353 1735 235 1258 741 4270 3938 492 2538 1549 1148 1995 2885 4368 2146 2693 655 3539 4188 116 3224 2434 749 3015 1004 980 2708 4461 1895 1594 4890 4490 4510 3972 2403 1572 1377 1206 1160 895 1280 4274 4069 3130 586 1212 4698 1996 392 1547 3560 26 1234 4055 525 1324 3865 3135 4292 298 4665 1285 1083 170 2692 2277 760 790 32 3623 4635 1669 2661 1058 3911 4026 478 2688 4394 3042 1318 1785 2530 1730 393 1545 2786 477 4797 2948 4844 1195 348 4518 4568 2864 1575 3048 2327 1310 585 2751 381 1734 1716 2292 1298 2718 2078 3176 