index1=1+[3307 3265 3810 1417 1484 251 2373 445 1931 740 2589 4217 4389 1483 1059 3714 4779 1294 433 1027 2387 2920 626 1363 1114 1924 1718 687 1559 2380 3662 2225 1652 3650 2400 1053 906 1739 115 1152 2494 1405 3218 948 2154 1664 1708 3050 3973 499 1579 2116 1817 1042 1430 282 2156 250 993 2401 1951 1781 4686 991 2246 4213 2493 1577 1690 3967 3559 2079 1155 230 3571 2388 2159 1029 662 3186 278 3067 4222 3872 3965 2237 1474 1702 2435 2372 3578 147 3563 3328 603 2574 4455 174 713 212 3209 446 3701 483 3467 2308 2716 1709 1441 3049 3827 2059 2785 4329 607 484 1415 4556 4320 387 3797 47 2321 4576 2394 215 165 1171 84 2941 2415 1954 1845 859 394 398 744 2620 4293 2236 1013 2821 2486 3610 469 4225 2580 1299 1768 4294 4191 262 3687 457 219 853 1656 1561 683 4101 2111 1714 955 3940 102 621 2952 4750 1791 2642 1621 3737 2942 4238 4781 817 4295 2041 1658 1436 806 1134 177 699 4215 1249 1491 2697 112 3794 892 1794 1047 3860 1431 3892 2899 3625 2971 4363 1054 2031 1468 2925 4325 349 2573 409 541 2721 2780 762 734 2501 822 2065 2970 402 1748 660 929 1604 1960 181 2312 1858 3561 4034 614 141 992 2419 162 1264 2849 271 2440 314 2361 1675 182 725 3773 2621 2906 524 2495 2443 4327 1015 3580 4415 2125 1063 3719 2806 2418 199 631 3756 4466 2964 720 1880 1367 3847 4189 1113 2122 2466 194 3753 1943 2364 343 3957 2349 2465 2556 685 709 3948 2075 2669 39 79 2234 2820 4539 3432 1502 1596 2067 2454 4498 4219 4523 2172 3814 4452 1132 871 72 2754 2559 556 700 1014 2081 1824 2166 1251 1780 417 4427 1962 824 2610 2958 1759 3941 933 2500 184 3104 2080 1835 2338 1630 200 2012 4772 4155 161 2301 1567 361 403 1573 2025 3290 4729 2186 121 283 4271 624 594 130 2258 4367 531 1039 925 3765 1341 3961 1788 3131 1282 756 1894 606 2066 979 1570 1883 2046 2432 3073 3616 1317 4481 1045 1244 111 2632 4612 2329 2711 1435 4416 1764 2829 3119 321 1976 1846 936 306 2027 1123 2844 3143 2198 657 1186 273 2851 4083 503 187 3721 1767 2095 2100 2710 3758 3709 3261 4442 2520 14 1465 3125 451 2204 4287 2480 122 391 2905 4565 819 4509 2549 3834 296 471 2624 427 3444 3056 4748 1189 2641 4237 4606 2919 2155 2096 2310 2546 2306 3807 4331 4700 3928 2357 3746 913 2110 1469 2540 3924 2282 4828 1178 2634 1873 126 669 2265 1732 680 3300 4019 2203 1041 1805 1693 2769 2047 1522 2451 1888 475 4374 2852 3535 4358 1959 2801 1046 2421 2738 3699 2442 984 3876 2822 692 1875 2596 1746 1923 988 4060 2103 431 4131 2138 697 4126 1369 2460 2593 4015 1312 498 2011 430 4385 2035 4410 3374 2058 729 4186 705 325 2895 2791 1566 104 521 2830 2683 4163 1944 1707 3403 1175 137 909 2165 482 1806 100 3182 2519 590 519 1319 2633 2205 2731 461 1304 3297 1906 792 2216 4892 2141 3605 2404 602 1227 3774 3838 2576 3379 1330 2643 3232 1323 2026 2336 2000 35 1909 2366 695 1891 4505 1073 1756 1974 4179 1144 2178 1765 2524 2039 1128 4780 3320 4291 338 3108 4864 369 1941 3523 1892 615 2191 1710 2099 193 2135 1848 2091 2017 3891 847 3010 3678 1910 4543 1935 2112 185 1501 4022 1887 2913 2529 4549 2636 2093 480 937 1654 2880 3790 3627 412 2208 1124 2831 2076 1901 630 2176 1254 3694 3121 2137 229 1385 103 658 935 4379 2139 2807 3057 2120 2252 1179 3874 2815 1166 114 334 4699 113 2052 4290 4203 2405 2444 1889 1215 1355 2279 2072 2797 2701 3061 2214 2284 3040 2385 1801 4808 2665 3438 4326 1525 2417 1736 3027 67 4480 3022 2703 210 4360 572 4257 3668 593 3278 1890 2187 2243 2730 1103 4567 3995 4548 3791 2097 208 119 1580 1757 2151 2762 2886 949 1438 2647 2060 4836 1987 464 3522 1659 3066 4671 3401 4537 3921 1704 592 468 2129 2335 285 4269 3518 407 1583 413 401 737 1672 717 728 4120 49 3123 1956 2014 1758 4098 2102 3867 946 2882 1509 4625 1434 88 1104 2331 2343 329 1886 36 2140 439 4484 2106 4457 4128 2164 1273 536 2653 3296 3270 153 2936 1519 2202 1826 1492 1151 3813 4430 1884 784 2896 4102 1847 1530 65 4479 2446 2233 2725 4096 2561 2787 3326 3762 1627 4164 429 1182 4894 3295 3537 639 3757 3980 1903 2712 965 4650 802 1921 4067 2552 4037 4371 2393 1091 3985 2834 1480 3573 3181 752 326 3803 4591 1592 1912 54 1023 2692 2131 1540 1747 3195 4557 336 1125 3088 1183 467 3506 4610 4208 3095 2213 2022 787 3045 3615 1663 2472 1225 4243 2278 1391 195 3486 2403 3796 3211 3256 4573 2136 2428 2832 3685 3251 1804 4749 4522 213 3281 2152 3399 4741 1754 4394 3404 335 1076 1387 3930 1478 2004 3102 371 1031 1471 3588 4846 501 2441 1934 3936 1459 4449 4553 1410 4528 1855 748 4776 4009 3046 1498 4596 2188 1228 4635 2109 2689 2021 3402 4417 16 670 2490 3298 2946 1993 3958 4753 1090 1606 963 3317 2606 3894 2865 2562 1411 1135 2398 2966 1074 932 4711 1572 366 1292 3180 2837 2628 3164 3730 1334 566 1565 1240 400 3034 4241 81 790 601 2158 3005 2397 544 2377 96 1485 1479 228 493 1775 888 923 3724 3818 2723 2271 604 1838 3028 1257 1424 2410 4827 444 545 1618 508 1158 1689 4552 3455 2693 3412 315 4545 7 4361 4233 3431 2771 3759 882 3397 1763 1674 4246 3201 917 1460 4047 3228 4568 632 3888 1477 1002 3042 3582 1261 2508 425 2044 716 4675 4531 2840 952 3351 1024 4270 3150 1101 2197 107 2261 4407 1204 1700 3059 3346 589 4210 1309 2295 4353 667 2352 2074 2192 4359 3323 2238 619 1548 1262 307 3793 547 192 53 3913 4761 627 3388 378 3376 3363 3207 2448 1012 3137 4204 4205 1681 1247 3524 1481 1615 1490 1771 4342 4422 4201 2784 4595 2735 2281 3234 3092 3706 41 1815 3784 466 3607 2759 2248 3283 1851 4592 3772 1595 3955 3979 1156 2805 1315 1377 1026 4754 2206 2019 1433 2276 232 421 426 4028 765 1499 1526 1289 4421 3903 4425 142 458 4346 951 1320 86 2144 3416 3920 4540 703 4100 3792 2367 4082 357 1792 4077 4432 1978 422 221 1083 983 1318 3145 586 151 3862 821 3837 1556 3390 2715 2688 1275 3539 3735 1032 1900 811 3974 4380 3863 4434 823 3191 1370 3160 1692 4727 1898 711 542 60 1230 2746 1895 2648 4747 4351 3566 234 883 3329 3683 2569 4218 2325 4755 1641 3919 2859 1547 2481 4696 1153 1285 4541 1164 899 1669 342 5 1998 694 4373 2002 1575 1557 1818 962 2007 809 4262 2783 1112 3557 4510 1550 3536 3215 2239 4580 3110 31 1335 1234 747 1340 4482 1463 243 1373 3543 4017 785 4181 664 1735 3640 2085 1819 1866 2078 3011 1399 4280 2381 4546 4180 1932 2767 2812 1773 2782 757 1755 2885 4893 2835 1936 4453 2682 3887 3885 3169 4426 3175 4172 145 1401 863 4368 1130 3491 3359 4581 2728 959 1827 3159 4193 3478 4107 2262 2989 3703 4168 1342 3886 2869 1473 4491 4343 634 3896 4424 1390 4683 1772 1527 1360 4759 1917 1975 3054 4468 171 3185 3350 3122 1259 1258 707 4736 2969 3068 877 3428 3356 797 1407 3434 56 488 1507 2351 2309 2590 3023 2374 443 2699 4085 4069 1520 4258 4174 4511 1212 1384 266 1017 673 1278 3558 2181 1828 2579 872 2314 4247 50 2609 1444 4526 344 4809 1760 2482 4732 2724 2548 57 3352 4029 2029 2749 3128 1719 1777 4308 4704 504 1161 1593 2215 347 781 2375 227 974 4660 4826 455 4715 3443 1131 865 2718 3413 1006 4298 4148 591 4716 305 149 1997 1188 2802 139 2149 2040 2862 4057 3960 3344 3564 2456 1539 4109 1314 4856 3037 1542 2439 3675 3653 789 4830 4529 309 2020 322 3821 1724 3890 622 4008 3406 4194 2492 1914 1625 3308 1783 3587 3514 4501 4182 1839 2679 1409 42 3240 722 1698 2691 1563 3631 2032 2984 4369 1356 2853 2101 1019 2407 3635 223 2199 3129 4724 3133 1220 3213 4814 4746 2854 4461 2184 1634 4144 1269 2162 1820 1316 1098 2489 3549 3855 3147 3611 3024 3165 2107 4272 1308 4718 4460 4493 423 1513 3911 2146 1452 1535 2015 4199 2891 3085 537 1926 399 3336 4777 3775 2231 4188 154 1988 1774 3795 2268 419 3931 1945 298 4313 1897 4489 3968 3999 2068 2982 1487 1421 463 3349 447 1263 4382 2541 4561 1741 4874 3870 2690 478 275 4230 352 4831 3487 3551 751 299 4292 2411 4026 2255 712 4641 3488 1571 4309 1695 3946 3934 4114 4097 4783 4176 3916 4431 90 3986 363 2908 4723 2684 4708 4494 2903 3364 3072 2340 1870 1339 543 3094 763 3333 367 2967 2163 485 546 4372 3642 2734 323 3475 73 28 2530 2686 1200 4534 179 1449 4627 1488 2973 1742 1233 4401 676 3902 4833 1713 3895 1994 4450 231 2781 4025 2608 3565 1881 3258 1919 2889 2516 4515 2499 381 3966 2571 1482 362 4623 4875 4092 1366 2517 3983 3695 3178 1740 4492 3469 4445 3654 1798 2055 1445 3260 733 4260 3367 2070 1379 1729 3246 1206 3221 4499 1389 1443 1584 4731 675 