index=cell(1,8);
index{1}=1+[1441 2995 1268 1237 3069 1009 1072 2783 2596 3056 2664 2946 1087 1298 1206 966 2439 979 2736 1503 1565 1442 2585 2960 2846 2890 991 3089 1074 3189 1133 1459 2473 1475 1014 2771 1166 2686 1165 2440 1553 3150 2916 1139 1310 2767 2377 949 1583 2542 1265 1223 980 1438 961 2774 2790 2891 2639 1069 1576 1480 1156 3145 2884 1433 1386 2703 2635 2583 2613 3063 2684 1170 1145 2521 2654 2930 1047 1119 2715 2474 2372 1396 1522 1202 1545 2840 2834 2796 2992 1120 2752 2648 2851 1003 3024 1510 1403 1227 3179 1081 3076 1555 3180 2393 1150 968 2801 2739 1248 1095 2681 1129 1587 1333 2742 1007 2543 1312 1500 1492 1483 2857 960 2921 1149 2666 1175 1336 2685 1308 1244 2545 2944 2810 2464 1189 1532 1370 1207 2929 2756 2824 1178 2404 929 1413 3154 3041 3049 3068 1100 1521 1143 1453 2719 1421 3142 1344 1362 1184 1594 1064 2675 1269 2479 2389 2901 1491 1213 1055 1579 1488 1065 2642 1289 951 2695 2817 2536 2727 1290 1218 963 947 1050 1125 2746 1544 2616 1418 1573 2820 1525 2546 1255 1422 2830 1318 977 1035 2495 2490 940 2454 2451 1000 2418 1360 3164 1090 1351 1296 1412 3116 2931 2677 2552 1116 1559 1102 3159 3059 945 2935 2668 1161 1117 2743 2512 1342 1194 2865 1217 3055 3013 1538 1533 907 999 3110 2385 1052 2805 984 911 2918 946 1242 2794 1493 2408 2897 2411 1005 2970 3152 1328 3134 2663 1001 3133 1198 1499 3100 1118 2762 3162 1309 2947 1589 1331 1154 1303 1361 1439 2924 1392 1205 2710 1043 1410 3108 1368 1398 2456 1451 2478 1420 2390 973 2614 3027 2488 2569 930 3022 1226 2980 1414 921 1253 1286 3143 1319 2626 2461 1124 2442 1106 2517 1231 922 1485 986 2553 1454 1516 1388 3127 1033 2514 2560 1022 1436 990 2809 3177 2437 1428 1376 1147 1038 987 1039 3006 2908 1450 1294 2914 2371 1280 2871 1058 1416 1200 1324 1373 2419 1511 1568 1541 3054 2872 1462 2369 1495 1479 1130 1271 1484 948 1397 1287 2780 1444 1134 1056 1477 1060 997 2433 969 3088 1524 1160 1546 1283 3044 1340 2489 3081 1162 3064 2373 2887 2912 1263 1348 1209 1025 2632 1264 1419 1569 1549 2777 1513 2658 2505 1299 2657 2949 2888 2903 2745 1010 2905 3191 2750 1215 2926 2406 914 2368 2466 1580 1554 954 958 2860 1188 1075 2550 2498 2624 2701 2826 1504 2443 2407 2370 1463 1394 1508 2491 1208 3014 1330 2582 2996 1306 2979 2858 1276 3096 1132 1006 2644 1219 2797 2551 2417 905 2659 1426 2958 2376 927 2441 1590 2412 1199 2793 1313 1068 3039 3053 2956 1314 1556 1249 2397 3040 2988 2471 2734 2773 1514 1201 2651 1082 2591 2991 2655 1367 1203 2799 1389 2803 2462 2524 1042 1537 2381 3181 3067 2779 1427 1466 3060 3183 3021 1232 1535 2881 3065 1204 1595 2600 2510 2691 1176 2492 2603 2673 2906 1326 2899 1352 3123 2766 1238 981 2567 932 1400 1460 2604 2507 2628 1115 3156 2748 2984 3099 2990 3097 1329 2837 943 1054 3176 1131 2977 1391 2475 2927 2848 3052 953 1053 1509 1279 1228 1560 2957 3151 1585 2378 1172 1177 3009 1077 1455 1478 1529 1247 2476 2676 1274 3158 3050 2781 1148 919 1240 972 1338 1517 1103 2687 1096 1243 2936 2953 1066 1300 3071 1024 2578 2625 3036 1486 1187 1490 964 2572 944 2640 967 1307 1452 998 1152 2917 1564 3032 2523 1245 1597 2375 2522 1012 908 2896 2735 1084 3193 1437 1334 2849 1540 978 3038 2811 925 3000 2814 1168 2889 2841 3004 3112 2713 1293 1496 2821 1302 2525 1254 3015 3034 2410 1429 2561 2504 1487 2800 1472 1089 2548 3083 1498 1295 2555 3168 2907 918 2726 2680 1395 2966 2581 2910 2954 3077 2452 3061 2615 2445 3066 1305 3125 1447 3005 2630 2994 2482 2662 1566 2403 1239 3139 3058 1192 2529 1570 1030 1259 2775 2457 2661 2902 1449 1531 2554 938 1083 1044 1097 2683 1350 2747 3153 1046 2383 2427 1379 1191 1435 3163 2556 3138 3187 1157 2844 1181 2589 1185 1225 3122 1163 2778 1431 1402 2862 1474 1572 1260 2999 2401 1341 1527 1078 3010 1523 1494 2503 3007 1195 2816 2709 2754 2568 2468 952 3149 2420 1465 2928 3111 1446 2367 2549 1567 1142 1214 2741 2869 1182 1536 2876 1404 2886 2631 1141 2500 1094 2819 1432 2607 2595 2634 2646 2672 916 1586 1272 955 3120 993 3085 2566 1051 2530 2722 1193 2520 2424 1275 1443 2465 1167 3172 926 2629 2933 2802 1425 1332 1107 2909 3012 913 2537 3137 2544 983 1558 2852 2558 2415 2993 2564 2649 1354 1387 1222 2396 950 1461 2366 2388 974 1526 2508 2587 1026 3001 2965 988 3043 2656 2539 1230 2496 1327 2706 1091 2438 1273 2527 2913 2833 2606 2430 1291 1190 1155 2934 906 1019 2975 2576 3087 2425 3028 3082 2940 1211 965 3018 1151 1233 2731 2602 1037 1061 1363 1592 2711 1575 3092 2987 996 2547 2870 3086 2698 2763 1346 2835 1430 3042 2467 982 1519 2845 2618 2612 3135 1136 3157 1482 1179 934 2516 2669 2770 1448 2768 1383 1297 2481 3119 2653 2502 1382 1057 2426 1292 2528 1281 1071 1411 3121 2961 2392 2989 2900 1582 2532 1423 2938 3045 3008 2712 2402 2718 2904 2883 1101 2818 3047 2792 1596 975 1267 1067 2859 2580 2696 1401 2972 1534 2867 2836 1221 2483 912 2874 2808 1547 1355 2365 1571 1138 1539 2593 3079 3084 3160 2959 1277 2847 2791 924 3103 1497 2494 1502 2697 2422 2641 2893 2725 985 1029 3017 2563 2627 3107 1320 1315 2584 3048 2665 2813 1220 1085 2598 1256 1458 1270 3023 2682 2678 2942 3148 970 2969 1241 3070 2470 2562 2444 994 2515 2864 1557 2692 937 1417 2728 1562 1045 2789 2782 1464 1031 1127 1246 2586 2825 2458 2925 2382 2579 3109 2453 3074 2761 3115 2379 1153 3026 2932 2733 2920 1578 2374 2822 1381 2557 2588 1599 2716 2594 3194 1261 2855 2765 1076 2650 1257 2486 936 2497 1518 2838 1212 1105 3131 2950 1339 1440 1530 2861 3126 2937 1512 1316 2689 3104 2714 2863 1359 2945 2645 1489 2737 1584 2829 1229 1016 2565 2895 1008 1322 1236 2513 3031 3037 2951 2429 1347 2850 3106 2535 2601 2693 962 2395 3144 2449 2435 2690 1173 2911 1369 2723 2643 1086 1002 1122 1262 2399 2878 2414 1528 2638 2460 2670 2772 1353 2729 1164 2732 1028 1377 1197 1380 2786 1079 2571 2534 1015 3118 2828 2785 3166 1317 2704 1098 545 439 433 73 2363 171 147 580 797 12 503 400 1921 402 891 2334 767 2033 2172 509 272 673 2344 490 2294 463 412 355 507 1700 533 262 76 2163 614 424 71 1672 342 644 2027 1838 170 523 839 704 1924 237 2179 391 2197 145 260 2327 1957 1881 2171 1673 2060 214 607 832 621 183 518 1804 162 764 235 805 372 2364 411 58 401 1740 298 33 618 257 2164 2218 1723 541 382 884 318 2071 1744 419 284 316 1671 265 9 105 1768 429 2123 2284 2019 1795 2199 256 1871 514 1738 731 1841 688 2053 1947 1629 2341 1963 2342 216 544 1897 707 2126 2282 299 277 119 356 92 369 134 1975 144 1984 163 123 1652 1675 1677 450 281 14 2079 385 2041 1955 229 360 32 525 35 81 638 1858 443 889 1761 1999 1792 451 2075 1873 696 774 143 175 1725 812 787 1925 890 878 529 179 824 1863 873 297 193 742 2058 1862 885 1742 83 347 46 811 452 739 709 328 457 28 872 2236 661 5 584 132 247 1849 750 2192 851 1933 475 449 1687 2045 603 2213 2144 573 416 269 142 101 359 835 1896 500 2186 80 2143 2006 1639 1686 278 760 506 1837 660 657 496 575 1656 280 792 1679 149 1926 651 2295 2286 1728 630 186 634 1778 1884 1628 2166 1911 557 445 102 602 1691 608 2203 2349 706 2015 864 645 1685 219 2108 869 491 111 2298 96 846 1608 796 1886 1960 471 1627 244 387 861 275 1757 2315 591 173 155 1888 719 778 1772 306 535 141 461 2326 1720 2134 1959 2017 831 1684 156 2209 2008 1697 2299 1830 2202 187 833 2176 2 1832 223 2227 877 340 585 1633 1648 1724 825 628 829 801 1710 1845 2249 828 455 59 1626 118 1914 1704 311 314 367 1834 2241 1708 1902 756 2323 837 601 1993 368 294 512 1801 174 856 23 561 88 2312 759 611 1732 762 1874 288 542 331 1645 2141 555 695 1809 320 536 498 898 2068 2190 2181 1977 1986 2044 834 1815 572 1743 1969 1674 2097 49 1836 2229 1904 559 1774 1890 1917 590 784 334 185 1892 513 2063 610 2273 1796 807 2023 160 1929 2168 1811 47 353 2222 841 2269 727 2003 854 1752 309 396 2212 1898 2165 694 389 2084 2270 137 495 799 620 79 675 2072 1979 217 1746 352 1939 766 1859 2054 86 2107 2275 2103 795 211 1844 1635 2337 2243 2184 1642 653 2194 1605 1779 2118 2224 1651 178 2339 1653 699 398 476 270 348 564 1996 1776 200 903 1682 1905 2352 301 1857 1749 2002 882 1736 662 3 448 1867 510 273 2183 1788 1641 1758 636 2106 370 1821 2115 420 1786 1624 274 251 446 99 1807 822 842 224 570 2242 61 2109 17 2157 2151 1611 303 310 1748 671 901 276 708 395 849 