index1=1+[1440 2773 2378 1178 2660 1262 1371 1186 2685 999 2751 2532 1194 2737 2586 1093 3048 3180 1384 1512 1425 2691 3021 2915 1457 927 2763 1070 2997 2367 2885 1208 3045 2969 1155 1230 1277 2521 1202 1183 2443 1048 1016 1305 2615 1434 1394 2910 1344 3080 1237 1315 2445 2376 2735 975 2656 3123 916 926 1478 2462 2379 1491 3056 1401 954 2887 1227 2603 2939 2990 1474 2372 1199 1118 1375 943 1173 2757 2604 3157 1328 2770 1404 3103 1513 1438 3054 2925 3005 1030 2607 1013 1104 2716 3062 3049 2430 1524 2425 1035 1133 1017 1203 2544 3113 3040 1216 2753 1585 2422 2613 2674 2792 983 1143 3090 2625 3043 938 3144 935 2538 3008 1213 1459 1205 1228 2582 3155 2626 1446 1579 1471 1364 2795 3075 3059 1296 2375 2502 2891 1221 1270 1477 1249 3107 1067 1064 1521 2811 2956 2952 1061 1172 2854 1043 2585 1099 2644 2809 2569 1589 1188 921 1157 1357 3138 1442 1503 1269 3004 2923 3000 952 2930 2914 914 2559 1185 1432 2480 2366 1402 2549 3060 3148 2400 2985 2374 2459 951 984 1152 2858 2861 1530 3190 1449 1072 2670 2489 1549 1452 957 1439 2601 1385 2528 1110 1274 1577 3030 3010 1567 2482 1165 1361 1034 3141 2386 2979 1113 1319 2908 2927 1001 964 1588 1082 1578 2768 2796 2418 1160 2509 2851 1272 1107 1557 970 1239 2869 2465 1349 3028 1558 1231 1339 3077 1358 1116 2802 2591 1074 2530 1087 1289 1006 1038 1465 1290 2989 1130 1159 1447 1509 980 1327 3143 2511 1136 2778 1326 1386 2647 2381 937 2765 1050 1062 1142 2948 1312 2373 1595 2472 2460 2642 1251 1184 1343 1063 2687 2846 904 1010 1584 1571 2533 1131 1075 1181 2624 1057 1187 3092 3111 1085 1268 3194 2807 2438 1297 2897 2972 962 1576 2397 2534 2394 2421 1436 1410 2645 2837 1456 2447 988 2738 1593 2984 1499 2962 1041 2427 2616 1092 3024 3183 1139 1154 2628 2467 3027 987 1252 2494 2407 3031 2590 2719 2597 1051 1053 3130 944 1303 2784 1538 1355 2440 1528 2883 2490 1091 2790 2428 3132 2627 2918 3061 1333 2371 3096 1368 2622 1114 2640 1534 1363 2821 2676 1242 1529 1437 941 2703 1127 3168 994 1191 2981 1350 1419 1483 1281 3055 909 2567 1498 2434 2729 1583 1334 1431 1245 3163 2940 1388 958 2822 2506 2652 1078 1198 2724 2550 998 2992 2993 2922 2904 1341 933 3007 1260 1522 1507 1548 3112 2971 1590 1347 1561 1163 2399 2902 2789 1426 2609 1045 3093 939 1275 3108 1273 1306 2501 2717 2859 1428 1056 2810 2454 1351 2743 3185 1108 1309 2723 2697 1100 2965 929 2618 2395 2999 1058 2690 1366 3147 2755 1542 905 2842 1119 1146 1536 915 1128 1293 3020 1271 2980 1126 1004 1115 2537 1508 2970 2539 1280 3057 2575 2409 2420 1559 3124 1516 3015 1109 2978 1129 2877 2519 968 3150 2383 2817 3003 2535 1468 2975 2581 1397 3023 2444 3137 1360 2966 1008 2841 2496 2384 3082 1263 1325 2500 1505 1180 2486 3152 1462 1480 2475 3042 3071 3195 2742 1002 2370 1195 1517 1321 1376 2631 2548 1420 1573 2432 2924 1445 2803 2651 2747 1225 3016 1373 2661 2663 1342 2905 1220 1526 2982 1591 3018 2471 1395 1301 1042 3181 913 2516 2711 2638 1040 1484 1009 2907 3104 1164 2414 2832 2679 2991 3116 2909 3088 1086 2416 2873 1322 2988 2804 1215 1554 2562 1071 2382 2850 1463 1039 1316 2781 2527 2588 1103 1405 967 2867 1201 1370 1294 1020 2825 1421 2380 1298 2385 2772 2695 2766 2476 1049 2513 3162 2665 2403 3076 2712 2866 3017 1382 3173 1069 1243 1134 3032 2578 2483 2793 2843 1024 2517 1545 3052 1012 1496 1354 3085 1096 1400 2791 1502 986 3001 3169 2593 1238 2831 2404 2503 2888 2727 2721 1329 2558 2643 2571 2415 1106 1140 1311 2732 2466 1193 2564 2512 1265 2818 2457 3135 1599 2448 2402 2659 1094 1539 2730 3184 2798 1369 1219 2693 1331 2639 2963 1569 1435 3091 2872 3009 2864 2983 2525 2426 1422 2441 3098 2920 925 2734 1197 2852 2546 1429 3187 2536 3069 2758 2903 2856 2959 2393 1582 2401 1581 2706 2405 2614 911 1084 2816 946 2369 979 2698 956 1580 1497 2812 1176 1250 2666 2439 2823 1304 3079 2596 1247 3006 2771 1374 3129 3070 1308 1168 1518 1556 2514 2634 277 138 339 1716 772 53 40 455 1702 194 173 1730 2330 2047 315 2327 2098 755 2227 2002 17 2313 2264 202 847 1839 2043 1782 2286 262 296 426 10 247 172 23 135 893 666 360 48 2056 304 1948 1887 2091 674 405 1664 1678 722 500 754 332 289 234 2255 2294 691 2298 2250 461 1862 2202 2022 35 813 816 528 529 1621 516 2180 2017 573 2077 718 852 373 2106 2118 846 209 463 2249 482 117 615 704 406 39 542 1736 183 595 1821 1660 1684 1787 1780 361 819 705 658 242 1712 204 1755 36 2144 744 561 2194 2320 1636 425 2007 479 410 1656 239 1650 783 2217 321 763 766 803 1904 804 1653 665 576 1827 203 1748 2092 2323 1642 64 747 698 1734 164 430 393 552 609 848 407 386 226 1602 1976 476 717 447 826 1774 569 1679 2209 571 30 413 619 536 700 207 586 1771 201 836 1981 65 390 403 791 411 1916 2108 2226 1967 408 2164 624 620 587 383 2358 336 774 282 863 248 697 2364 792 727 1925 1922 1921 392 1752 867 585 2243 673 757 1668 2088 521 2075 232 588 645 568 1886 2318 2064 346 314 525 579 1978 1845 815 376 278 570 503 762 2346 1725 255 888 454 32 726 1982 879 637 2339 1801 860 1793 604 2125 1910 2261 1946 485 618 192 106 1751 1919 795 469 2275 719 820 1614 95 742 892 745 2326 748 2163 1942 177 404 1661 1707 1711 2311 2034 1830 835 509 1834 2152 1799 577 1627 567 169 765 97 19 684 2122 303 782 223 574 283 2127 652 59 2123 1952 1762 1701 2231 457 1779 121 575 497 443 12 543 534 1732 1877 2111 429 472 2032 553 800 1672 313 578 108 661 885 189 1824 1740 1607 678 2104 231 28 809 878 686 2270 1853 477 2117 1612 1688 308 2011 773 113 422 46 197 2078 359 1813 2204 883 523 876 161 2254 1789 246 1878 434 395 358 2082 212 614 593 131 504 1860 605 850 2177 1907 2051 159 2289 75 874 2252 720 887 554 292 2169 47 2305 1912 85 799 444 617 1844 436 2310 459 118 831 2066 584 1915 682 1783 371 57 2045 341 2099 2225 1947 769 228 285 2309 2211 259 181 801 267 2303 1885 1935 471 152 897 1626 1820 2201 881 34 732 394 2025 1770 119 96 77 1829 2336 2197 864 1775 551 845 105 530 505 2150 2057 473 29 140 2044 566 84 58 810 2195 449 236 535 370 1986 276 270 724 1776 136 1924 680 891 1624 2322 419 2162 2085 238 807 628 716 796 2014 0 798 1714 423 91 629 1802 1822 889 797 243 550 293 2232 1778 1940 1704 644 2115 483 2297 1608 350 2076 1796 205 2102 733 2070 318 6 229 572 2350 640 2159 279 1909 67 1658 137 151 2244 688 2119 2308 2186 2205 540 1993 1868 1633 1873 1631 2168 721 1682 1879 606 1882 2299 2153 186 546 129 1649 62 480 2053 2113 1623 1767 1641 1786 750 61 2156 401 794 128 1900 1943 347 2215 1670 2182 1797 696 316 1892 728 734 354 2316 1969 1965 681 1964 2021 513 1953 2341 1818 489 266 756 433 375 1611 110 254 260 1836 2004 132 502 563 380 2312 2015 148 37 508 1954 1694 1625 342 415 544 2165 1960 2120 1681 1761 2223 2356 328 2145 2110 1899 134 664 669 2028 291 1619 1851 1676 1837 2072 1975 2068 499 196 1754 743 384 264 1897 1798 1617 767 71 2290 326 1872 670 271 249 2071 1874 2277 195 869 610 709 193 1735 788 2038 1719 853 353 1709 594 641 2349 2208 580 2333 112 139 1773 1610 651 1629 150 2257 1663 345 1722 144 1804 31 367 1745 1966 2281 785 2100 70 865 33 1753 103 256 545 1742 643 412 828 660 2293 1945 409 1828 2040 2200 1812 488 222 2062 613 1950 2160 467 706 901 2136 3 2029 474 2065 1785 493 1690 2129 1700 396 875 2345 1992 2058 1794 823 547 811 2019 2132 1881 1691 602 2228 147 556 1739 417 2335 1683 448 2184 2008 165 2331 288 2006 38 198 1777 844 240 310 1662 2134 1988 882 1600 1855 344 2235 1870 155 1721 1920 2359 834 2199 1869 2325 1848 68 251 45 1995 871 663 275 50 2263 736 2158 1772 2148 322 735 76 1792 2260 22 337 2000 2237 2124 770 592 1620 1911 672 2055 280 2095 1933 2280 2342 269 333 825 1875 675 324 100 343 886 1640 2324 1934 1615 ];
