index1=1+[2157 4832 4921 4111 439 1680 6180 3305 3266 1112 2951 3905 3802 7390 2027 408 312 1660 2935 5664 4196 412 4826 552 2666 275 6109 2768 2383 3653 1020 1993 2670 200 3926 6646 1648 3453 271 5660 4651 6335 938 2006 3114 4471 364 855 1987 2532 3883 5815 943 4569 4257 4721 287 3530 2009 3012 1630 2197 2767 4221 5780 3230 2925 3132 4287 69 4065 7240 4557 3120 4827 3063 6948 5372 6872 1942 6857 5966 2026 6604 5193 4607 695 5345 1640 5286 3871 4597 440 907 3368 5378 3327 658 7125 3386 3400 2437 569 4548 2619 1801 1296 1614 1215 751 4082 94 796 6131 6253 838 4241 216 3842 1777 7084 7392 6181 4909 4823 6861 3029 24 678 5082 4310 2285 3754 4377 604 6405 6327 4291 2008 2347 6645 1847 4919 3104 6907 7014 6467 425 2250 7162 406 1424 6469 1075 1214 6632 4747 2822 6436 4777 5149 7298 5157 3359 5164 1932 6024 2115 1454 208 2533 7306 560 3680 4733 2270 2641 2865 1220 2167 6242 3068 342 3317 122 7120 655 2203 4446 4635 1130 1151 577 1778 49 4553 2492 6703 2732 5819 1148 6543 7359 2841 692 1234 143 2305 605 1253 3013 6663 3141 4397 1530 1926 3435 5846 6690 2073 4977 5813 4064 2722 6627 4175 2306 1994 4784 4876 2298 5154 6307 451 5433 1552 5584 4205 2941 4617 3310 419 4110 649 3009 6263 66 5448 3517 2713 5029 4959 3895 2262 4415 4738 4294 119 125 6951 7395 4001 7204 5332 3064 4384 2424 1186 2798 2258 3533 2661 6761 864 7099 6993 1358 3768 1520 6551 474 5181 7094 134 455 3479 3330 4633 3808 6187 2164 195 1434 7378 3733 6685 2078 2737 2680 813 6149 6898 477 3090 2234 958 4950 1959 1665 1606 7163 1354 4809 5320 4955 6282 1925 417 4309 6742 7197 5961 3276 2212 529 5578 1239 389 232 3687 5995 1705 1877 669 5952 2089 3360 1145 7130 1586 1793 886 4555 7182 1135 4781 4469 1181 2654 5808 6266 4226 2958 6831 2596 4392 3313 5456 2273 1898 1781 4061 4538 1710 2196 4824 5087 3338 5720 1080 106 2756 2748 4117 1037 2419 6633 7314 6176 5377 5066 6947 4689 326 5188 192 7288 3741 3518 1312 1200 4961 512 1297 445 5539 4265 4885 706 6079 801 5212 6117 5472 2547 3794 5937 1216 4018 5197 4407 527 3088 5034 4825 1044 2188 6655 1855 2649 1318 4419 4303 3376 4846 1202 4130 484 5209 865 1000 5061 4761 3642 1110 1910 2927 2536 6267 4716 229 6429 1275 2244 2903 3606 1646 2110 2049 3018 4236 4924 1934 6447 6189 2617 6081 5107 3536 3367 3272 990 5142 2652 6337 6642 4123 3996 7206 1341 4433 6151 269 6973 5435 6061 1848 2618 3851 6487 2415 4652 1393 1213 4096 429 4886 2868 4485 7308 1499 3948 1941 2483 5716 4797 5631 1319 1958 2025 2379 2340 1757 2040 7122 550 3561 1159 4121 1929 7393 3816 1225 922 4505 1763 5027 5006 6739 263 7104 4910 494 3337 1278 2390 4017 6705 5368 7259 7210 1356 2985 1179 6027 1469 6878 1870 1839 3286 1152 2013 1233 4202 3389 346 3214 5405 6065 1464 6784 2466 2221 443 5386 1609 2366 1725 4993 6529 3387 140 1597 3554 1083 1162 4038 7066 3632 2733 5538 510 3277 2552 5468 4962 5031 139 2874 6694 345 6371 4891 2146 6153 5026 6320 3399 982 2981 5349 3021 15 51 6486 7235 4986 6580 1754 3133 109 2003 7005 6479 2243 7230 1021 4259 5021 2809 2210 986 1480 7088 1473 3188 6425 5941 414 6212 3939 1332 7250 3145 6582 1045 2278 2101 4802 6545 7305 551 5124 7092 6010 2625 966 6380 1199 5865 2184 4741 5754 769 2694 3346 790 3805 3724 3965 1528 5283 2267 3309 2141 6503 155 6370 4444 786 4599 7054 723 3067 1242 4811 2143 92 2302 6378 2430 795 3404 6428 4943 2237 596 889 469 3937 3999 6606 689 2326 7041 3040 43 148 1139 4009 1257 1823 6069 5760 3859 851 924 2312 1810 4062 1521 3903 4934 1172 6886 4337 3848 7291 2053 7154 2688 3298 3688 5776 5233 2902 5620 1463 4529 2577 5608 2019 6498 82 3978 4370 4005 682 5703 2125 5525 3311 6140 1504 1342 4404 1292 297 3731 5875 6183 6590 566 396 4836 5704 6123 717 2469 915 2215 3562 3557 3546 4648 1637 6641 4558 7360 4640 2409 5572 4598 3715 4122 3087 6923 6636 3308 1671 3129 3566 585 1864 7391 475 341 4866 5840 1765 5972 1481 2401 2799 3698 4941 5504 5964 7226 478 4762 1476 5634 845 3143 1666 3232 3772 2441 3062 1940 4385 4483 6273 2824 2527 7189 6750 1859 4542 5512 787 5545 3049 274 3278 2193 4820 2055 905 2673 3548 2213 2572 3894 5276 4219 4916 4097 2716 7213 5524 373 2240 5932 6012 823 1756 1997 2620 6547 1144 1918 5617 650 3823 1702 516 2445 1938 5853 490 5700 712 3542 6196 270 6349 1656 196 4920 528 2325 4027 481 199 4845 4814 2597 5348 278 6462 2988 5643 6711 4253 1867 309 6577 3876 4099 7159 5076 260 1662 4490 2846 2840 5769 1304 4692 4712 5632 6505 6509 3450 7236 4211 4041 2389 4033 6074 7109 1746 1843 1812 2775 2239 4328 2372 1394 7388 5203 2279 6105 1576 6041 1031 2010 6669 2106 111 4813 6785 735 1034 6398 3295 1731 5678 2795 6125 6765 4672 179 1872 4382 6215 4840 2083 6902 5173 3163 1508 4602 3094 450 836 6865 3056 6147 1698 1785 6991 3321 4482 6053 1516 3884 2498 4522 5226 4254 1550 1834 7106 7285 2971 3301 1826 1965 2699 6051 3638 3434 3658 1974 1069 5159 2539 1766 5837 1140 5300 2496 20 1962 7280 6793 4727 4198 4071 3403 1022 3126 6931 330 6227 5084 4625 499 185 4514 6345 1133 1747 5025 6800 4452 3522 5085 6274 6110 7181 2011 942 6072 3932 5884 431 2896 3255 4604 791 1792 4988 2571 3807 3356 2179 4537 6759 6167 4305 2108 4100 1515 1032 5016 3289 2085 2148 3929 3475 1420 2147 5810 5078 5152 3989 547 2554 7164 407 6738 7242 1524 217 5275 2746 4580 2475 5319 1881 3793 1011 6829 2037 18 5376 2219 4129 98 3074 6933 5455 2514 3035 1724 4434 5413 3654 2301 5789 518 7135 567 2405 5833 1832 1821 6047 2888 989 4503 6896 5825 4636 2702 906 3488 3014 3361 1177 4525 2355 945 4209 4496 1327 1455 3271 5234 383 2266 6640 4517 3042 5096 7079 777 3868 2395 1255 223 1054 2182 896 245 1893 5618 1841 3325 7331 797 1400 4688 2399 5627 6340 1873 5939 3723 5369 3467 2606 2224 6 5311 1209 314 6304 1895 6946 2575 6610 1001 3481 1668 4803 424 5924 6788 4807 727 6672 2882 3702 3623 5466 6866 4944 5640 4200 5722 4046 3704 2294 1972 4191 100 6186 709 5294 6786 5911 2436 325 2561 2607 4156 2690 1947 7148 6814 5857 4662 2632 1988 7155 3025 4364 6359 688 5600 5758 6291 2050 3402 1526 6539 4126 6614 7223 7196 5839 4193 1529 6388 6268 3494 4021 4170 1432 546 5982 5050 2830 3911 3153 2938 2851 7117 3771 3174 182 2324 4442 6691 6002 2582 897 3955 580 4402 1392 1501 4351 3019 6139 1006 1984 697 5067 3037 3759 6424 6092 818 2604 4336 542 194 750 1745 4252 2303 7006 1884 2996 4572 2703 5721 1652 5499 5047 6251 3534 1903 2023 113 2099 7312 5855 5860 3673 3861 6286 914 1589 226 6912 2920 3082 6159 3205 5907 2525 6496 5216 6859 1563 5356 1371 1692 6817 5599 1996 2817 866 473 1461 4002 5501 5416 7383 6293 6617 5589 3379 5930 2369 634 4590 2886 3412 1592 3421 932 3027 1238 5891 5390 4282 5365 1249 5682 4560 7038 3565 6442 2404 6671 5406 4963 6213 3613 5400 466 4775 1572 3983 6845 84 3684 2429 319 7270 3169 3058 1192 5921 4050 253 6628 6219 1158 4066 4723 1729 1237 6312 1446 7042 2198 7380 517 4235 4704 7195 1638 4670 1797 2686 1429 2200 3452 1513 3966 6421 5339 2231 6296 5403 2363 6811 2374 3852 2853 247 7342 453 6177 2444 5409 1770 2965 3357 7021 5200 4146 3609 1245 2341 1627 959 5580 2342 7234 5125 6102 5288 1946 7049 2766 3942 2964 2030 2297 5307 3405 3291 6450 6623 23 5281 1978 1043 4904 4395 4113 768 660 6397 2140 762 19 4380 3484 5208 4570 2194 2509 3241 1498 7081 1595 895 2185 1943 622 6712 2348 4659 4348 6546 4854 3524 6111 6525 1869 4346 4008 4112 5484 3992 2068 3044 7254 5002 4073 3060 6925 2092 6937 5898 6142 5821 6404 5596 1602 4013 1009 1975 198 3824 5075 5787 7214 5540 5942 1427 4925 5613 2739 3694 2754 145 2517 5694 2601 3810 1084 6007 3661 4051 3147 4472 301 5165 3938 6239 6941 4679 6463 166 186 7040 4429 2105 2277 4316 1716 6626 1178 5687 5176 7055 6006 1219 996 1269 3131 3708 5166 4048 2786 5123 5481 1155 5698 1477 1204 292 3398 5331 5240 586 2842 5474 6955 6056 2458 716 7142 4681 7053 1721 2252 3667 6163 6542 1496 2940 4763 5000 2477 4850 4270 789 1004 1141 4011 2808 4133 93 5418 1422 323 2407 2847 729 4295 470 6967 5850 334 1565 3640 6454 2287 22 3109 2520 1339 6460 146 5426 4320 83 500 5475 1704 6310 3473 1308 2576 5287 1879 4512 4239 2557 5970 5 446 479 3635 1203 1494 434 3164 6448 3419 6127 4535 7389 3878 3457 251 4020 1279 3347 2321 2168 3801 662 7132 5337 