X1 = [2854, 1928; 1125, 1200; 809, 1796; 1563, 1728; 1246, 1876; 3043, 1718; 3395, 2354; 2164, 1652; 1383, 2251; 2168, 2235];
P1 = [3114, 2001; 877, 1087; 536, 1694; 1325, 1639; 995, 1782; 2791, 1651; 3107, 2267; 1938, 1573; 1133, 2163; 1926, 2248];

X2 = [1097, 469; 2092, 576; 1313, 1111; 2044, 1255; 992, 1805; 1926, 2160; 1997, 2746; 1553, 423];
P2 = [427, 346; 1523, 536; 675, 1056; 1476, 1227; 300, 1803; 1347, 2151; 1420, 2738; 945, 335];

X3 = [1097, 469; 2092, 576; 992, 1805; 1997, 2746];
P3 = [427, 346; 1523, 536; 300, 1803; 1420, 2738];
